date,close,code
2018-02-08,1.0,004739
2018-02-09,1.0,004739
2018-02-14,1.0002,004739
2018-02-23,1.0004,004739
2018-03-02,1.001,004739
2018-03-09,1.0028,004739
2018-03-13,1.0032,004739
2018-03-14,1.0028,004739
2018-03-15,1.003,004739
2018-03-16,1.0017,004739
2018-03-19,1.0029,004739
2018-03-20,1.0037,004739
2018-03-21,1.0033,004739
2018-03-22,1.0027,004739
2018-03-23,1.0004,004739
2018-03-26,0.9989,004739
2018-03-27,0.9997,004739
2018-03-28,0.9987,004739
2018-03-29,0.9994,004739
2018-03-30,1.0001,004739
2018-04-02,0.9996,004739
2018-04-03,0.9988,004739
2018-04-04,0.999,004739
2018-04-09,0.9999,004739
2018-04-10,1.0027,004739
2018-04-11,1.0034,004739
2018-04-12,1.0029,004739
2018-04-13,1.0021,004739
2018-04-16,1.0004,004739
2018-04-17,0.9982,004739
2018-04-18,0.9992,004739
2018-04-19,0.9993,004739
2018-04-20,0.9987,004739
2018-04-23,0.9986,004739
2018-04-24,1.0007,004739
2018-04-25,1.0006,004739
2018-04-26,1.0001,004739
2018-04-27,1.0011,004739
2018-05-02,1.0026,004739
2018-05-03,1.0029,004739
2018-05-04,1.0029,004739
2018-05-07,1.0043,004739
2018-05-08,1.0054,004739
2018-05-09,1.0057,004739
2018-05-10,1.0061,004739
2018-05-11,1.0054,004739
2018-05-14,1.0064,004739
2018-05-15,1.0072,004739
2018-05-16,1.0066,004739
2018-05-17,1.0056,004739
2018-05-18,1.0068,004739
2018-05-21,1.0081,004739
2018-05-22,1.0081,004739
2018-05-23,1.0061,004739
2018-05-24,1.0046,004739
2018-05-25,1.0035,004739
2018-05-28,1.0039,004739
2018-05-29,1.0036,004739
2018-05-30,1.0011,004739
2018-05-31,1.004,004739
2018-06-01,1.0026,004739
2018-06-04,1.0038,004739
2018-06-05,1.0047,004739
2018-06-06,1.005,004739
2018-06-07,1.0043,004739
2018-06-08,1.0033,004739
2018-06-11,1.0024,004739
2018-06-12,1.0042,004739
2018-06-13,1.0033,004739
2018-06-14,1.0028,004739
2018-06-15,1.0023,004739
2018-06-19,0.9993,004739
2018-06-20,0.9996,004739
2018-06-21,0.9997,004739
2018-06-22,1.0001,004739
2018-06-25,1.0,004739
2018-06-26,0.9991,004739
2018-06-27,0.9974,004739
2018-06-28,0.9966,004739
2018-06-29,0.9992,004739
2018-06-30,0.9993,004739
2018-07-02,0.9976,004739
2018-07-03,0.9973,004739
2018-07-04,0.9965,004739
2018-07-05,0.9962,004739
2018-07-06,0.9967,004739
2018-07-09,1.0001,004739
2018-07-10,1.0006,004739
2018-07-11,0.999,004739
2018-07-12,1.0011,004739
2018-07-13,1.0018,004739
2018-07-16,1.0013,004739
2018-07-17,1.0004,004739
2018-07-18,1.0004,004739
2018-07-19,1.0003,004739
2018-07-20,1.0032,004739
2018-07-23,1.0046,004739
2018-07-24,1.006,004739
2018-07-25,1.0066,004739
2018-07-26,1.0051,004739
2018-07-27,1.004,004739
2018-07-30,1.0041,004739
2018-07-31,1.0047,004739
2018-08-01,1.0015,004739
2018-08-02,0.9982,004739
2018-08-03,0.9959,004739
2018-08-06,0.994,004739
2018-08-07,0.999,004739
2018-08-08,0.9965,004739
2018-08-09,0.9999,004739
2018-08-10,0.9998,004739
2018-08-13,0.9993,004739
2018-08-14,0.9988,004739
2018-08-15,0.9963,004739
2018-08-16,0.9951,004739
2018-08-17,0.9933,004739
2018-08-20,0.9939,004739
2018-08-21,0.9952,004739
2018-08-22,0.9947,004739
2018-08-23,0.995,004739
2018-08-24,0.9949,004739
2018-08-27,0.9968,004739
2018-08-28,0.9968,004739
2018-08-29,0.9964,004739
2018-08-30,0.9954,004739
2018-08-31,0.9951,004739
2018-09-03,0.9949,004739
2018-09-04,0.996,004739
2018-09-05,0.994,004739
2018-09-06,0.9929,004739
2018-09-07,0.9934,004739
2018-09-10,0.9921,004739
2018-09-11,0.9911,004739
2018-09-12,0.9907,004739
2018-09-13,0.9916,004739
2018-09-14,0.9915,004739
2018-09-17,0.9905,004739
2018-09-18,0.9929,004739
2018-09-19,0.9937,004739
2018-09-20,0.9936,004739
2018-09-21,0.996,004739
2018-09-25,0.9956,004739
2018-09-26,0.9967,004739
2018-09-27,0.9963,004739
2018-09-28,0.997,004739
2018-10-08,0.9946,004739
2018-10-09,0.9943,004739
2018-10-10,0.9946,004739
2018-10-11,0.9915,004739
2018-10-12,0.9926,004739
2018-10-15,0.9918,004739
2018-10-16,0.9912,004739
2018-10-17,0.9918,004739
2018-10-18,0.9889,004739
2018-10-19,0.9917,004739
2018-10-22,0.9962,004739
2018-10-23,0.9923,004739
2018-10-24,0.9925,004739
2018-10-25,0.9923,004739
2018-10-26,0.9915,004739
2018-10-29,0.9869,004739
2018-10-30,0.9882,004739
2018-10-31,0.991,004739
2018-11-01,0.9914,004739
2018-11-02,0.9959,004739
2018-11-05,0.9942,004739
2018-11-06,0.9934,004739
2018-11-07,0.9927,004739
2018-11-08,0.9923,004739
2018-11-09,0.9896,004739
2018-11-12,0.9908,004739
2018-11-13,0.9917,004739
2018-11-14,0.9901,004739
2018-11-15,0.9917,004739
2018-11-16,0.9921,004739
2018-11-19,0.9942,004739
2018-11-20,0.9917,004739
2018-11-21,0.9919,004739
2018-11-22,0.9914,004739
2018-11-23,0.9891,004739
2018-11-26,0.989,004739
2018-11-27,0.988,004739
2018-11-28,0.9895,004739
2018-11-29,0.9878,004739
2018-11-30,0.9894,004739
2018-12-03,0.9938,004739
2018-12-04,0.9944,004739
2018-12-05,0.9944,004739
2018-12-06,0.9912,004739
2018-12-07,0.9916,004739
2018-12-10,0.9905,004739
2018-12-11,0.9921,004739
2018-12-12,0.9924,004739
2018-12-13,0.9941,004739
2018-12-14,0.9908,004739
2018-12-17,0.9904,004739
2018-12-18,0.989,004739
2018-12-19,0.9868,004739
2018-12-20,0.9857,004739
2018-12-21,0.9841,004739
2018-12-24,0.9853,004739
2018-12-25,0.984,004739
2018-12-26,0.9841,004739
2018-12-27,0.9842,004739
2018-12-28,0.9856,004739
2018-12-31,0.9858,004739
2019-01-02,0.9847,004739
2019-01-03,0.9847,004739
2019-01-04,0.987,004739
2019-01-07,0.9897,004739
2019-01-08,0.9898,004739
2019-01-09,0.9908,004739
2019-01-10,0.9909,004739
2019-01-11,0.9923,004739
2019-01-14,0.991,004739
2019-01-15,0.9932,004739
2019-01-16,0.994,004739
2019-01-17,0.9933,004739
2019-01-18,0.9956,004739
2019-01-21,0.9966,004739
2019-01-22,0.9956,004739
2019-01-23,0.996,004739
2019-01-24,0.9971,004739
2019-01-25,0.9984,004739
2019-01-28,0.9986,004739
2019-01-29,0.999,004739
2019-01-30,0.9988,004739
2019-01-31,1.0004,004739
2019-02-01,1.0035,004739
2019-02-11,1.0061,004739
2019-02-12,1.0072,004739
2019-02-13,1.0102,004739
2019-02-14,1.01,004739
2019-02-15,1.0068,004739
2019-02-18,1.0123,004739
2019-02-19,1.0104,004739
2019-02-20,1.0107,004739
2019-02-21,1.0095,004739
2019-02-22,1.0128,004739
2019-02-25,1.0235,004739
2019-02-26,1.0222,004739
2019-02-27,1.0204,004739
2019-02-28,1.0228,004739
2019-03-01,1.0248,004739
2019-03-04,1.0299,004739
2019-03-05,1.035,004739
2019-03-06,1.0374,004739
2019-03-07,1.0367,004739
2019-03-08,1.0297,004739
2019-03-11,1.0402,004739
2019-03-12,1.0429,004739
2019-03-13,1.042,004739
2019-03-14,1.037,004739
2019-03-15,1.0411,004739
2019-03-18,1.0513,004739
2019-03-19,1.052,004739
2019-03-20,1.0513,004739
2019-03-21,1.0548,004739
2019-03-22,1.0557,004739
2019-03-25,1.0531,004739
2019-03-26,1.0473,004739
2019-03-27,1.0499,004739
2019-03-28,1.048,004739
2019-03-29,1.0573,004739
2019-04-01,1.0666,004739
2019-04-02,1.0669,004739
2019-04-03,1.0688,004739
2019-04-04,1.0685,004739
2019-04-08,1.0682,004739
2019-04-09,1.0699,004739
2019-04-10,1.0693,004739
2019-04-11,1.0664,004739
2019-04-12,1.0658,004739
2019-04-15,1.0633,004739
2019-04-16,1.0656,004739
2019-04-17,1.0657,004739
2019-04-18,1.0636,004739
2019-04-19,1.0644,004739
2019-04-22,1.062,004739
2019-04-23,1.0606,004739
2019-04-24,1.0615,004739
2019-04-25,1.0573,004739
2019-04-26,1.0541,004739
2019-04-29,1.0508,004739
2019-04-30,1.053,004739
2019-05-06,1.0391,004739
2019-05-07,1.0405,004739
2019-05-08,1.0384,004739
2019-05-09,1.0356,004739
2019-05-10,1.045,004739
2019-05-13,1.0414,004739
2019-05-14,1.0403,004739
2019-05-15,1.0455,004739
2019-05-16,1.0471,004739
2019-05-17,1.0393,004739
2019-05-20,1.0369,004739
2019-05-21,1.0403,004739
2019-05-22,1.0394,004739
2019-05-23,1.0346,004739
2019-05-24,1.0348,004739
2019-05-27,1.0381,004739
2019-05-28,1.0385,004739
2019-05-29,1.0383,004739
2019-05-30,1.0364,004739
2019-05-31,1.0363,004739
2019-06-03,1.034,004739
2019-06-04,1.0323,004739
2019-06-05,1.0323,004739
2019-06-06,1.0293,004739
2019-06-10,1.0323,004739
2019-06-11,1.0403,004739
2019-06-12,1.038,004739
2019-06-13,1.0382,004739
2019-06-14,1.034,004739
2019-06-17,1.0332,004739
2019-06-18,1.0322,004739
2019-06-19,1.0359,004739
2019-06-20,1.0419,004739
2019-06-21,1.0443,004739
2019-06-24,1.0462,004739
2019-06-25,1.0432,004739
2019-06-26,1.0451,004739
2019-06-27,1.0479,004739
2019-06-28,1.0461,004739
2019-06-30,1.0461,004739
2019-07-01,1.054,004739
2019-07-02,1.0563,004739
2019-07-03,1.0557,004739
2019-07-04,1.0563,004739
2019-07-05,1.0578,004739
2019-07-08,1.0511,004739
2019-07-09,1.051,004739
2019-07-10,1.0499,004739
2019-07-11,1.0502,004739
2019-07-12,1.0531,004739
2019-07-15,1.0544,004739
2019-07-16,1.0543,004739
2019-07-17,1.0535,004739
2019-07-18,1.0487,004739
2019-07-19,1.0501,004739
2019-07-22,1.0466,004739
2019-07-23,1.0496,004739
2019-07-24,1.0511,004739
2019-07-25,1.0529,004739
2019-07-26,1.0546,004739
2019-07-29,1.0548,004739
2019-07-30,1.0568,004739
2019-07-31,1.0554,004739
2019-08-01,1.0533,004739
2019-08-02,1.0497,004739
2019-08-05,1.0445,004739
2019-08-06,1.0404,004739
2019-08-07,1.0423,004739
2019-08-08,1.0442,004739
2019-08-09,1.0418,004739
2019-08-12,1.0452,004739
2019-08-13,1.0434,004739
2019-08-14,1.0451,004739
2019-08-15,1.0484,004739
2019-08-16,1.0486,004739
2019-08-19,1.056,004739
2019-08-20,1.0566,004739
2019-08-21,1.057,004739
2019-08-22,1.0588,004739
2019-08-23,1.0592,004739
2019-08-26,1.0595,004739
2019-08-27,1.0651,004739
2019-08-28,1.0657,004739
2019-08-29,1.0644,004739
2019-08-30,1.0621,004739
2019-09-02,1.0647,004739
2019-09-03,1.0662,004739
2019-09-04,1.0674,004739
2019-09-05,1.0687,004739
2019-09-06,1.0715,004739
2019-09-09,1.0737,004739
2019-09-10,1.0746,004739
2019-09-11,1.0753,004739
2019-09-12,1.0768,004739
2019-09-16,1.0773,004739
2019-09-17,1.0715,004739
2019-09-18,1.0728,004739
2019-09-19,1.0738,004739
2019-09-20,1.0742,004739
2019-09-23,1.0713,004739
2019-09-24,1.0712,004739
2019-09-25,1.0697,004739
2019-09-26,1.0677,004739
2019-09-27,1.0672,004739
2019-09-30,1.0671,004739
2019-10-08,1.0699,004739
2019-10-09,1.0717,004739
2019-10-10,1.0731,004739
2019-10-11,1.0744,004739
2019-10-14,1.0786,004739
2019-10-15,1.076,004739
2019-10-16,1.0755,004739
2019-10-17,1.0752,004739
2019-10-18,1.0721,004739
2019-10-21,1.0737,004739
2019-10-22,1.0749,004739
2019-10-23,1.074,004739
2019-10-24,1.0732,004739
2019-10-25,1.0757,004739
2019-10-28,1.0769,004739
2019-10-29,1.0755,004739
2019-10-30,1.0748,004739
2019-10-31,1.0759,004739
2019-11-01,1.0802,004739
2019-11-04,1.081,004739
2019-11-05,1.0852,004739
2019-11-06,1.0856,004739
2019-11-07,1.0854,004739
2019-11-08,1.0843,004739
2019-11-11,1.0799,004739
2019-11-12,1.0804,004739
2019-11-13,1.0796,004739
2019-11-14,1.0793,004739
2019-11-15,1.0784,004739
2019-11-18,1.084,004739
2019-11-19,1.0869,004739
2019-11-20,1.086,004739
2019-11-21,1.0866,004739
2019-11-22,1.0881,004739
2019-11-25,1.0917,004739
2019-11-26,1.0914,004739
2019-11-27,1.0913,004739
2019-11-28,1.09,004739
2019-11-29,1.089,004739
2019-12-02,1.0904,004739
2019-12-03,1.0917,004739
2019-12-04,1.0902,004739
2019-12-05,1.0916,004739
2019-12-06,1.0913,004739
2019-12-09,1.0937,004739
2019-12-10,1.0941,004739
2019-12-11,1.0947,004739
2019-12-12,1.0944,004739
2019-12-13,1.0972,004739
2019-12-16,1.0988,004739
2019-12-17,1.101,004739
2019-12-18,1.1002,004739
2019-12-19,1.102,004739
2019-12-20,1.1038,004739
2019-12-23,1.1002,004739
2019-12-24,1.1015,004739
2019-12-25,1.1018,004739
2019-12-26,1.1063,004739
2019-12-27,1.1073,004739
2019-12-30,1.1098,004739
2019-12-31,1.1109,004739
2020-01-02,1.1143,004739
2020-01-03,1.1151,004739
2020-01-06,1.116,004739
2020-01-07,1.1181,004739
2020-01-08,1.116,004739
2020-01-09,1.1182,004739
2020-01-10,1.1191,004739
2020-01-13,1.119,004739
2020-01-14,1.1179,004739
2020-01-15,1.1165,004739
2020-01-16,1.1195,004739
2020-01-17,1.1204,004739
2020-01-20,1.1225,004739
2020-01-21,1.123,004739
2020-01-22,1.1233,004739
2020-01-23,1.1207,004739
2020-02-03,1.108,004739
2020-02-04,1.115,004739
2020-02-05,1.1209,004739
2020-02-06,1.1246,004739
2020-02-07,1.1263,004739
2020-02-10,1.1281,004739
2020-02-11,1.132,004739
2020-02-12,1.1342,004739
2020-02-13,1.1339,004739
2020-02-14,1.1348,004739
2020-02-17,1.1403,004739
2020-02-18,1.1431,004739
2020-02-19,1.1435,004739
2020-02-20,1.1473,004739
2020-02-21,1.1506,004739
2020-02-24,1.1488,004739
2020-02-25,1.1478,004739
2020-02-26,1.1478,004739
2020-02-27,1.1506,004739
2020-02-28,1.1401,004739
2020-03-02,1.1478,004739
2020-03-03,1.1488,004739
2020-03-04,1.1531,004739
2020-03-05,1.1597,004739
2020-03-06,1.157,004739
2020-03-09,1.1521,004739
2020-03-10,1.1541,004739
2020-03-11,1.1526,004739
2020-03-12,1.1488,004739
2020-03-13,1.1466,004739
2020-03-16,1.1396,004739
2020-03-17,1.1378,004739
2020-03-18,1.1349,004739
2020-03-19,1.1322,004739
2020-03-20,1.1376,004739
2020-03-23,1.1302,004739
2020-03-24,1.1365,004739
2020-03-25,1.1433,004739
2020-03-26,1.1436,004739
2020-03-27,1.1446,004739
2020-03-30,1.1415,004739
2020-03-31,1.1431,004739
2020-04-01,1.143,004739
2020-04-02,1.1452,004739
2020-04-03,1.144,004739
2020-04-07,1.1488,004739
2020-04-08,1.149,004739
2020-04-09,1.1503,004739
2020-04-10,1.1483,004739
2020-04-13,1.1471,004739
2020-04-14,1.1504,004739
2020-04-15,1.1501,004739
2020-04-16,1.1513,004739
2020-04-17,1.1537,004739
2020-04-20,1.1564,004739
2020-04-21,1.1521,004739
2020-04-22,1.1546,004739
2020-04-23,1.1546,004739
2020-04-24,1.1528,004739
2020-04-27,1.1522,004739
2020-04-28,1.1517,004739
2020-04-29,1.1554,004739
2020-04-30,1.16,004739
2020-05-06,1.1618,004739
2020-05-07,1.1607,004739
2020-05-08,1.1627,004739
2020-05-11,1.1647,004739
2020-05-12,1.1639,004739
2020-05-13,1.1649,004739
2020-05-14,1.1629,004739
2020-05-15,1.1621,004739
2020-05-18,1.1621,004739
2020-05-19,1.1654,004739
2020-05-20,1.1639,004739
2020-05-21,1.1626,004739
2020-05-22,1.1604,004739
2020-05-25,1.1607,004739
2020-05-26,1.1645,004739
2020-05-27,1.1617,004739
2020-05-28,1.1618,004739
2020-05-29,1.1647,004739
2020-06-01,1.1706,004739
2020-06-02,1.1711,004739
2020-06-03,1.171,004739
2020-06-04,1.1715,004739
2020-06-05,1.1719,004739
2020-06-08,1.1753,004739
2020-06-09,1.1743,004739
2020-06-10,1.1753,004739
2020-06-11,1.1742,004739
2020-06-12,1.1743,004739
2020-06-15,1.1727,004739
2020-06-16,1.1756,004739
2020-06-17,1.1761,004739
2020-06-18,1.1768,004739
2020-06-19,1.1775,004739
2020-06-22,1.176,004739
2020-06-23,1.1777,004739
2020-06-24,1.1799,004739
2020-06-29,1.1781,004739
2020-06-30,1.1795,004739
2020-07-01,1.1825,004739
2020-07-02,1.1874,004739
2020-07-03,1.1908,004739
2020-07-06,1.2017,004739
2020-07-07,1.2015,004739
2020-07-08,1.2057,004739
2020-07-09,1.2086,004739
2020-07-10,1.2029,004739
2020-07-13,1.2064,004739
2020-07-14,1.2042,004739
2020-07-15,1.2032,004739
2020-07-16,1.1954,004739
2020-07-17,1.1983,004739
2020-07-20,1.2076,004739
2020-07-21,1.2111,004739
2020-07-22,1.2142,004739
2020-07-23,1.2131,004739
2020-07-24,1.2097,004739
2020-07-27,1.2097,004739
2020-07-28,1.2118,004739
2020-07-29,1.2167,004739
2020-07-30,1.2155,004739
2020-07-31,1.2192,004739
2020-08-03,1.2258,004739
2020-08-04,1.2264,004739
2020-08-05,1.2275,004739
2020-08-06,1.2271,004739
2020-08-07,1.2239,004739
2020-08-10,1.2276,004739
2020-08-11,1.2248,004739
2020-08-12,1.2236,004739
2020-08-13,1.2269,004739
2020-08-14,1.2284,004739
2020-08-17,1.2341,004739
2020-08-18,1.2353,004739
2020-08-19,1.2323,004739
2020-08-20,1.2283,004739
2020-08-21,1.2302,004739
2020-08-24,1.232,004739
2020-08-25,1.23,004739
2020-08-26,1.2267,004739
2020-08-27,1.2279,004739
2020-08-28,1.2346,004739
2020-08-31,1.2361,004739
2020-09-01,1.2369,004739
2020-09-02,1.2366,004739
2020-09-03,1.2353,004739
2020-09-04,1.2341,004739
2020-09-07,1.2304,004739
2020-09-08,1.2326,004739
2020-09-09,1.2298,004739
2020-09-10,1.2302,004739
2020-09-11,1.2311,004739
2020-09-14,1.2309,004739
2020-09-15,1.232,004739
2020-09-16,1.2333,004739
2020-09-17,1.2318,004739
2020-09-18,1.2349,004739
2020-09-21,1.2347,004739
2020-09-22,1.2322,004739
2020-09-23,1.2327,004739
2020-09-24,1.2292,004739
2020-09-25,1.2277,004739
2020-09-28,1.2283,004739
2020-09-29,1.227,004739
2020-09-30,1.2276,004739
2020-10-09,1.2305,004739
2020-10-12,1.2369,004739
2020-10-13,1.2384,004739
2020-10-14,1.2378,004739
2020-10-15,1.2395,004739
2020-10-16,1.2405,004739
2020-10-19,1.2412,004739
2020-10-20,1.2423,004739
2020-10-21,1.2426,004739
2020-10-22,1.2425,004739
2020-10-23,1.2409,004739
2020-10-26,1.2391,004739
2020-10-27,1.2413,004739
2020-10-28,1.2423,004739
2020-10-29,1.242,004739
2020-10-30,1.239,004739
2020-11-02,1.2389,004739
2020-11-03,1.2425,004739
2020-11-04,1.2437,004739
2020-11-05,1.2451,004739
2020-11-06,1.2428,004739
2020-11-09,1.2455,004739
2020-11-10,1.2467,004739
2020-11-11,1.2463,004739
2020-11-12,1.2458,004739
2020-11-13,1.243,004739
2020-11-16,1.2463,004739
2020-11-17,1.2462,004739
2020-11-18,1.2468,004739
2020-11-19,1.2474,004739
2020-11-20,1.2479,004739
2020-11-23,1.2517,004739
2020-11-24,1.2513,004739
2020-11-25,1.25,004739
2020-11-26,1.2503,004739
2020-11-27,1.251,004739
2020-11-30,1.2526,004739
2020-12-01,1.2551,004739
2020-12-02,1.2547,004739
2020-12-03,1.255,004739
2020-12-04,1.2569,004739
2020-12-07,1.2555,004739
2020-12-08,1.2557,004739
2020-12-09,1.2555,004739
2020-12-10,1.2567,004739
2020-12-11,1.2551,004739
2020-12-14,1.2567,004739
2020-12-15,1.2567,004739
2020-12-16,1.2577,004739
2020-12-17,1.2592,004739
2020-12-18,1.2584,004739
2020-12-21,1.2595,004739
2020-12-22,1.2581,004739
2020-12-23,1.2587,004739
2020-12-24,1.2577,004739
2020-12-25,1.261,004739
2020-12-28,1.2624,004739
2020-12-29,1.2621,004739
2020-12-30,1.2655,004739
2020-12-31,1.2671,004739
2021-01-04,1.2684,004739
2021-01-05,1.2729,004739
2021-01-06,1.2742,004739
2021-01-07,1.2769,004739
2021-01-08,1.2764,004739
2021-01-11,1.2726,004739
2021-01-12,1.2774,004739
2021-01-13,1.2775,004739
2021-01-14,1.2773,004739
2021-01-15,1.2769,004739
2021-01-18,1.2789,004739
2021-01-19,1.2779,004739
2021-01-20,1.2793,004739
2021-01-21,1.2798,004739
2021-01-22,1.2787,004739
2021-01-25,1.2789,004739
2021-01-26,1.275,004739
2021-01-27,1.2758,004739
2021-01-28,1.2706,004739
2021-01-29,1.2686,004739
2021-02-01,1.2698,004739
2021-02-02,1.2704,004739
2021-02-03,1.2674,004739
2021-02-04,1.2668,004739
2021-02-05,1.2651,004739
2021-02-08,1.2663,004739
2021-02-09,1.2684,004739
2021-02-10,1.2709,004739
2021-02-18,1.2729,004739
2021-02-19,1.2768,004739
2021-02-22,1.2788,004739
2021-02-23,1.2796,004739
2021-02-24,1.2776,004739
2021-02-25,1.2802,004739
2021-02-26,1.2772,004739
2021-03-01,1.2809,004739
2021-03-02,1.2799,004739
2021-03-03,1.2834,004739
2021-03-04,1.2801,004739
2021-03-05,1.2798,004739
2021-03-08,1.2782,004739
2021-03-09,1.2736,004739
2021-03-10,1.2729,004739
2021-03-11,1.2754,004739
2021-03-12,1.2751,004739
2021-03-15,1.2735,004739
2021-03-16,1.2729,004739
2021-03-17,1.2731,004739
2021-03-18,1.2725,004739
2021-03-19,1.2708,004739
2021-03-22,1.274,004739
2021-03-23,1.2744,004739
2021-03-24,1.2734,004739
2021-03-25,1.2739,004739
2021-03-26,1.2766,004739
2021-03-29,1.2768,004739
2021-03-30,1.277,004739
2021-03-31,1.2768,004739
2021-04-01,1.2771,004739
2021-04-02,1.2786,004739
2021-04-06,1.2782,004739
2021-04-07,1.2768,004739
2021-04-08,1.2766,004739
2021-04-09,1.2758,004739
2021-04-12,1.2737,004739
2021-04-13,1.2741,004739
2021-04-14,1.2771,004739
2021-04-15,1.276,004739
2021-04-16,1.2767,004739
2021-04-19,1.2786,004739
2021-04-20,1.2786,004739
2021-04-21,1.2793,004739
2021-04-22,1.2788,004739
2021-04-23,1.2794,004739
2021-04-26,1.277,004739
2021-04-27,1.2765,004739
2021-04-28,1.2782,004739
2021-04-29,1.279,004739
2021-04-30,1.2781,004739
2021-05-06,1.2768,004739
2021-05-07,1.2758,004739
2021-05-10,1.2762,004739
2021-05-11,1.276,004739
2021-05-12,1.2772,004739
2021-05-13,1.275,004739
2021-05-14,1.2777,004739
2021-05-17,1.2779,004739
2021-05-18,1.2787,004739
2021-05-19,1.278,004739
2021-05-20,1.2786,004739
2021-05-21,1.2778,004739
2021-05-24,1.2783,004739
2021-05-25,1.2807,004739
2021-05-26,1.2811,004739
2021-05-27,1.2824,004739
2021-05-28,1.2808,004739
2021-05-31,1.2809,004739
2021-06-01,1.2825,004739
2021-06-02,1.2809,004739
2021-06-03,1.2811,004739
2021-06-04,1.2815,004739
2021-06-07,1.2813,004739
2021-06-08,1.2795,004739
2021-06-09,1.2795,004739
2021-06-10,1.2788,004739
2021-06-11,1.2773,004739
2021-06-15,1.2754,004739
2021-06-16,1.2744,004739
2021-06-17,1.2748,004739
2021-06-18,1.2755,004739
2021-06-21,1.2772,004739
2021-06-22,1.28,004739
2021-06-23,1.2806,004739
2021-06-24,1.2812,004739
2021-06-25,1.283,004739
2021-06-28,1.282,004739
2021-06-29,1.2797,004739
2021-06-30,1.2815,004739
2021-07-01,1.2803,004739
2021-07-02,1.2783,004739
2021-07-05,1.2799,004739
2021-07-06,1.2808,004739
2021-07-07,1.2817,004739
2021-07-08,1.2834,004739
2021-07-09,1.2839,004739
2021-07-12,1.2873,004739
2021-07-13,1.2883,004739
2021-07-14,1.2886,004739
2021-07-15,1.289,004739
2021-07-16,1.2898,004739
2021-07-19,1.288,004739
2021-07-20,1.288,004739
2021-07-21,1.2902,004739
2021-07-22,1.2923,004739
2021-07-23,1.2904,004739
2021-07-26,1.2871,004739
2021-07-27,1.2818,004739
2021-07-28,1.2798,004739
2021-07-29,1.2828,004739
2021-07-30,1.2833,004739
2021-08-02,1.2859,004739
2021-08-03,1.2847,004739
2021-08-04,1.285,004739
2021-08-05,1.2819,004739
2021-08-06,1.2817,004739
2021-08-09,1.2854,004739
2021-08-10,1.2879,004739
2021-08-11,1.2874,004739
2021-08-12,1.2867,004739
2021-08-13,1.2872,004739
2021-08-16,1.2873,004739
2021-08-17,1.2831,004739
2021-08-18,1.2848,004739
2021-08-19,1.2831,004739
2021-08-20,1.2813,004739
2021-08-23,1.2842,004739
2021-08-24,1.2846,004739
2021-08-25,1.2852,004739
2021-08-26,1.2823,004739
2021-08-27,1.2834,004739
2021-08-30,1.2831,004739
2021-08-31,1.2842,004739
2021-09-01,1.2876,004739
2021-09-02,1.2905,004739
2021-09-03,1.2922,004739
2021-09-06,1.2969,004739
2021-09-07,1.2998,004739
2021-09-08,1.3035,004739
2021-09-09,1.3046,004739
2021-09-10,1.3013,004739
2021-09-13,1.3049,004739
2021-09-14,1.3005,004739
2021-09-15,1.3006,004739
2021-09-16,1.2982,004739
2021-09-17,1.3011,004739
2021-09-22,1.3035,004739
2021-09-23,1.3072,004739
2021-09-24,1.3011,004739
2021-09-27,1.3004,004739
2021-09-28,1.3054,004739
2021-09-29,1.2977,004739
2021-09-30,1.3007,004739
2021-10-08,1.3048,004739
2021-10-11,1.3039,004739
2021-10-12,1.2971,004739
2021-10-13,1.2958,004739
2021-10-14,1.2959,004739
2021-10-15,1.295,004739
2021-10-18,1.2959,004739
2021-10-19,1.2972,004739
2021-10-20,1.2996,004739
2021-10-21,1.3,004739
2021-10-22,1.2974,004739
2021-10-25,1.2988,004739
2021-10-26,1.2976,004739
2021-10-27,1.2951,004739
2021-10-28,1.2926,004739
2021-10-29,1.2919,004739
2021-11-01,1.2911,004739
2021-11-02,1.2898,004739
2021-11-03,1.2906,004739
2021-11-04,1.2928,004739
2021-11-05,1.2917,004739
2021-11-08,1.2917,004739
2021-11-09,1.2918,004739
2021-11-10,1.2914,004739
2021-11-11,1.2936,004739
2021-11-12,1.2936,004739
2021-11-15,1.2943,004739
2021-11-16,1.2912,004739
2021-11-17,1.2928,004739
2021-11-18,1.2917,004739
2021-11-19,1.2953,004739
2021-11-22,1.2977,004739
2021-11-23,1.2966,004739
2021-11-24,1.2969,004739
2021-11-25,1.2955,004739
2021-11-26,1.2939,004739
2021-11-29,1.2936,004739
2021-11-30,1.2935,004739
2021-12-01,1.2957,004739
2021-12-02,1.2951,004739
2021-12-03,1.2969,004739
2021-12-06,1.2976,004739
2021-12-07,1.2982,004739
2021-12-08,1.3006,004739
2021-12-09,1.3027,004739
2021-12-10,1.3037,004739
2021-12-13,1.3069,004739
2021-12-14,1.3045,004739
2021-12-15,1.3041,004739
2021-12-16,1.3066,004739
2021-12-17,1.3047,004739
2021-12-20,1.3019,004739
2021-12-21,1.3049,004739
2021-12-22,1.3054,004739
2021-12-23,1.3086,004739
2021-12-24,1.309,004739
2021-12-27,1.3098,004739
2021-12-28,1.3104,004739
2021-12-29,1.3083,004739
2021-12-30,1.3107,004739
2021-12-31,1.3146,004739
2022-01-04,1.3153,004739
2022-01-05,1.3136,004739
2022-01-06,1.3146,004739
2022-01-07,1.315,004739
2022-01-10,1.3171,004739
2022-01-11,1.3156,004739
2022-01-12,1.3157,004739
2022-01-13,1.3122,004739
2022-01-14,1.3083,004739
2022-01-17,1.3103,004739
2022-01-18,1.3142,004739
2022-01-19,1.3145,004739
2022-01-20,1.315,004739
2022-01-21,1.312,004739
2022-01-24,1.3133,004739
2022-01-25,1.3054,004739
2022-01-26,1.3078,004739
2022-01-27,1.3022,004739
2022-01-28,1.3018,004739
2022-02-07,1.3112,004739
2022-02-08,1.3163,004739
2022-02-09,1.32,004739
2022-02-10,1.3202,004739
2022-02-11,1.3193,004739
2022-02-14,1.3144,004739
2022-02-15,1.3131,004739
2022-02-16,1.315,004739
2022-02-17,1.3155,004739
2022-02-18,1.3176,004739
2022-02-21,1.3162,004739
2022-02-22,1.3139,004739
2022-02-23,1.315,004739
2022-02-24,1.3099,004739
2022-02-25,1.3112,004739
2022-02-28,1.3113,004739
2022-03-01,1.3113,004739
2022-03-02,1.3134,004739
2022-03-03,1.3156,004739
2022-03-04,1.3107,004739
2022-03-07,1.3053,004739
2022-03-08,1.2962,004739
2022-03-09,1.2938,004739
2022-03-10,1.2996,004739
2022-03-11,1.2991,004739
2022-03-14,1.2909,004739
2022-03-15,1.2741,004739
2022-03-16,1.2834,004739
2022-03-17,1.2873,004739
2022-03-18,1.2916,004739
2022-03-21,1.2922,004739
2022-03-22,1.2922,004739
2022-03-23,1.2935,004739
2022-03-24,1.2913,004739
2022-03-25,1.2875,004739
2022-03-28,1.2884,004739
2022-03-29,1.2865,004739
2022-03-30,1.2925,004739
2022-03-31,1.2916,004739
2022-04-01,1.2929,004739
2022-04-06,1.2963,004739
2022-04-07,1.2915,004739
2022-04-08,1.2918,004739
2022-04-11,1.2839,004739
2022-04-12,1.2862,004739
2022-04-13,1.2843,004739
2022-04-14,1.2864,004739
2022-04-15,1.285,004739
2022-04-18,1.2839,004739
2022-04-19,1.2853,004739
2022-04-20,1.28,004739
2022-04-21,1.2737,004739
2022-04-22,1.2787,004739
2022-04-25,1.262,004739
2022-04-26,1.2556,004739
2022-04-27,1.2635,004739
2022-04-28,1.2636,004739
2022-04-29,1.2736,004739
2022-05-05,1.2762,004739
2022-05-06,1.2704,004739
2022-05-09,1.2714,004739
2022-05-10,1.2763,004739
2022-05-11,1.277,004739
2022-05-12,1.2765,004739
2022-05-13,1.278,004739
2022-05-16,1.2789,004739
2022-05-17,1.2793,004739
2022-05-18,1.279,004739
2022-05-19,1.28,004739
2022-05-20,1.288,004739
2022-05-23,1.2897,004739
2022-05-24,1.282,004739
2022-05-25,1.2879,004739
2022-05-26,1.2904,004739
2022-05-27,1.2888,004739
2022-05-30,1.2922,004739
2022-05-31,1.2939,004739
2022-06-01,1.2931,004739
2022-06-02,1.2944,004739
2022-06-06,1.2989,004739
2022-06-07,1.2993,004739
2022-06-08,1.3007,004739
2022-06-09,1.2977,004739
2022-06-10,1.3072,004739
2022-06-13,1.3054,004739
2022-06-14,1.3063,004739
2022-06-15,1.3077,004739
2022-06-16,1.3052,004739
2022-06-17,1.3074,004739
2022-06-20,1.3058,004739
2022-06-21,1.3054,004739
2022-06-22,1.3017,004739
2022-06-23,1.3074,004739
2022-06-24,1.3089,004739
2022-06-27,1.3131,004739
2022-06-28,1.3166,004739
2022-06-29,1.3101,004739
2022-06-30,1.3127,004739
2022-07-01,1.3134,004739
2022-07-04,1.316,004739
2022-07-05,1.3148,004739
2022-07-06,1.311,004739
2022-07-07,1.3142,004739
2022-07-08,1.3132,004739
2022-07-11,1.3113,004739
2022-07-12,1.3122,004739
2022-07-13,1.3163,004739
2022-07-14,1.3161,004739
2022-07-15,1.3128,004739
2022-07-18,1.3212,004739
2022-07-19,1.3184,004739
2022-07-20,1.3211,004739
2022-07-21,1.3192,004739
2022-07-22,1.321,004739
2022-07-25,1.3183,004739
2022-07-26,1.3201,004739
2022-07-27,1.3223,004739
2022-07-28,1.3233,004739
2022-07-29,1.3232,004739
2022-08-01,1.3236,004739
2022-08-02,1.3158,004739
2022-08-03,1.3133,004739
2022-08-04,1.316,004739
2022-08-05,1.3191,004739
2022-08-08,1.3224,004739
2022-08-09,1.3224,004739
2022-08-10,1.3216,004739
2022-08-11,1.3246,004739
2022-08-12,1.3267,004739
2022-08-15,1.327,004739
2022-08-16,1.3281,004739
2022-08-17,1.329,004739
2022-08-18,1.3272,004739
2022-08-19,1.3276,004739
2022-08-22,1.3301,004739
2022-08-23,1.3295,004739
2022-08-24,1.3233,004739
2022-08-25,1.3277,004739
2022-08-26,1.3258,004739
2022-08-29,1.3264,004739
2022-08-30,1.3242,004739
2022-08-31,1.3212,004739
2022-09-01,1.3204,004739
2022-09-02,1.3203,004739
2022-09-05,1.3215,004739
2022-09-06,1.3249,004739
2022-09-07,1.326,004739
2022-09-08,1.3251,004739
2022-09-09,1.3256,004739
2022-09-13,1.3243,004739
2022-09-14,1.3208,004739
2022-09-15,1.3171,004739
2022-09-16,1.3105,004739
2022-09-19,1.3097,004739
2022-09-20,1.3104,004739
2022-09-21,1.3111,004739
2022-09-22,1.3101,004739
2022-09-23,1.3088,004739
2022-09-26,1.3055,004739
2022-09-27,1.3083,004739
2022-09-28,1.3046,004739
2022-09-29,1.3037,004739
2022-09-30,1.3028,004739
2022-10-10,1.3012,004739
2022-10-11,1.3015,004739
2022-10-12,1.305,004739
2022-10-13,1.3059,004739
2022-10-14,1.3109,004739
2022-10-17,1.3115,004739
2022-10-18,1.3102,004739
2022-10-19,1.3072,004739
2022-10-20,1.3045,004739
2022-10-21,1.3043,004739
2022-10-24,1.301,004739
2022-10-25,1.3003,004739
2022-10-26,1.3026,004739
2022-10-27,1.3011,004739
2022-10-28,1.2943,004739
2022-10-31,1.2896,004739
2022-11-01,1.2947,004739
2022-11-02,1.297,004739
2022-11-03,1.2966,004739
2022-11-04,1.3046,004739
2022-11-07,1.3052,004739
2022-11-08,1.3033,004739
2022-11-09,1.3028,004739
2022-11-10,1.3018,004739
2022-11-11,1.3067,004739
2022-11-14,1.3043,004739
2022-11-15,1.3082,004739
2022-11-16,1.3078,004739
2022-11-17,1.3075,004739
2022-11-18,1.3067,004739
2022-11-21,1.3057,004739
2022-11-22,1.3048,004739
2022-11-23,1.3051,004739
2022-11-24,1.305,004739
2022-11-25,1.3055,004739
2022-11-28,1.3042,004739
2022-11-29,1.3121,004739
2022-11-30,1.3094,004739
2022-12-01,1.3121,004739
2022-12-02,1.3118,004739
2022-12-05,1.319,004739
2022-12-06,1.3181,004739
2022-12-07,1.3152,004739
2022-12-08,1.3141,004739
2022-12-09,1.3179,004739
2022-12-12,1.3153,004739
2022-12-13,1.3161,004739
2022-12-14,1.3181,004739
2022-12-15,1.315,004739
2022-12-16,1.3133,004739
2022-12-19,1.3077,004739
2022-12-20,1.3063,004739
2022-12-21,1.3048,004739
2022-12-22,1.3016,004739
2022-12-23,1.3013,004739
2022-12-26,1.3038,004739
2022-12-27,1.3094,004739
2022-12-28,1.3083,004739
2022-12-29,1.3065,004739
2022-12-30,1.3086,004739
2022-12-31,1.3086,004739
2023-01-03,1.3103,004739
2023-01-04,1.311,004739
2023-01-05,1.3135,004739
2023-01-06,1.3121,004739
2023-01-09,1.3139,004739
2023-01-10,1.3116,004739
2023-01-11,1.3094,004739
2023-01-12,1.3092,004739
2023-01-13,1.3134,004739
2023-01-16,1.3158,004739
2023-01-17,1.3146,004739
2023-01-18,1.315,004739
2023-01-19,1.3186,004739
2023-01-20,1.3239,004739
2023-01-30,1.3268,004739
2023-01-31,1.326,004739
2023-02-01,1.3308,004739
2023-02-02,1.3318,004739
2023-02-03,1.3281,004739
2023-02-06,1.3248,004739
2023-02-07,1.3283,004739
2023-02-08,1.3282,004739
2023-02-09,1.3326,004739
2023-02-10,1.332,004739
2023-02-13,1.3339,004739
2023-02-14,1.3345,004739
2023-02-15,1.3315,004739
2023-02-16,1.3251,004739
2023-02-17,1.325,004739
2023-02-20,1.3329,004739
2023-02-21,1.3349,004739
2023-02-22,1.3316,004739
2023-02-23,1.3306,004739
2023-02-24,1.3275,004739
2023-02-27,1.325,004739
2023-02-28,1.3275,004739
2023-03-01,1.3321,004739
2023-03-02,1.3331,004739
2023-03-03,1.3324,004739
2023-03-06,1.3297,004739
2023-03-07,1.3253,004739
2023-03-08,1.3246,004739
2023-03-09,1.3251,004739
2023-03-10,1.3198,004739
2023-03-13,1.324,004739
2023-03-14,1.3186,004739
2023-03-15,1.322,004739
2023-03-16,1.3153,004739
2023-03-17,1.32,004739
2023-03-20,1.3186,004739
2023-03-21,1.3213,004739
2023-03-22,1.3231,004739
2023-03-23,1.3223,004739
2023-03-24,1.32,004739
2023-03-27,1.3202,004739
2023-03-28,1.3195,004739
2023-03-29,1.3164,004739
2023-03-30,1.3186,004739
2023-03-31,1.322,004739
2023-04-03,1.3239,004739
2023-04-04,1.3226,004739
2023-04-06,1.3213,004739
2023-04-07,1.3264,004739
2023-04-10,1.3256,004739
2023-04-11,1.3255,004739
2023-04-12,1.3259,004739
2023-04-13,1.3246,004739
2023-04-14,1.3254,004739
2023-04-17,1.3301,004739
2023-04-18,1.3296,004739
2023-04-19,1.325,004739
2023-04-20,1.3232,004739
2023-04-21,1.3153,004739
2023-04-24,1.3102,004739
2023-04-25,1.3082,004739
2023-04-26,1.3075,004739
2023-04-27,1.3099,004739
2023-04-28,1.3122,004739
2023-05-04,1.3191,004739
2023-05-05,1.3165,004739
2023-05-08,1.3199,004739
2023-05-09,1.3159,004739
2023-05-10,1.3162,004739
2023-05-11,1.3175,004739
2023-05-12,1.3142,004739
2023-05-15,1.3147,004739
2023-05-16,1.3103,004739
2023-05-17,1.3099,004739
2023-05-18,1.308,004739
2023-05-19,1.3079,004739
2023-05-22,1.3134,004739
2023-05-23,1.3097,004739
2023-05-24,1.3064,004739
2023-05-25,1.3053,004739
2023-05-26,1.3066,004739
2023-05-29,1.3069,004739
2023-05-30,1.3065,004739
2023-05-31,1.3027,004739
2023-06-01,1.302,004739
2023-06-02,1.3068,004739
2023-06-05,1.3059,004739
2023-06-06,1.3005,004739
2023-06-07,1.2996,004739
2023-06-08,1.3026,004739
2023-06-09,1.3051,004739
2023-06-12,1.3043,004739
2023-06-13,1.304,004739
2023-06-14,1.3059,004739
2023-06-15,1.3108,004739
2023-06-16,1.3132,004739
2023-06-19,1.3103,004739
2023-06-20,1.3081,004739
2023-06-21,1.3048,004739
2023-06-26,1.3026,004739
2023-06-27,1.3076,004739
2023-06-28,1.3075,004739
2023-06-29,1.3059,004739
2023-06-30,1.3112,004739
2023-07-03,1.3124,004739
2023-07-04,1.311,004739
2023-07-05,1.3105,004739
2023-07-06,1.3088,004739
2023-07-07,1.3079,004739
2023-07-10,1.3094,004739
2023-07-11,1.3109,004739
2023-07-12,1.3098,004739
2023-07-13,1.3148,004739
2023-07-14,1.3126,004739
2023-07-17,1.3112,004739
2023-07-18,1.3109,004739
2023-07-19,1.3105,004739
2023-07-20,1.3087,004739
2023-07-21,1.3086,004739
2023-07-24,1.3096,004739
2023-07-25,1.3165,004739
2023-07-26,1.3166,004739
2023-07-27,1.3151,004739
2023-07-28,1.3201,004739
2023-07-31,1.3246,004739
2023-08-01,1.3244,004739
2023-08-02,1.3227,004739
2023-08-03,1.3234,004739
2023-08-04,1.3222,004739
