date,close,code
2017-12-15,1.0001,005260
2017-12-22,1.0,005260
2017-12-29,1.0004,005260
2017-12-31,1.0012,005260
2018-01-05,1.0063,005260
2018-01-12,1.0185,005260
2018-01-19,1.0189,005260
2018-01-26,1.0397,005260
2018-02-02,1.0238,005260
2018-02-09,0.9145,005260
2018-02-14,0.947,005260
2018-02-23,0.9722,005260
2018-03-02,0.9492,005260
2018-03-09,0.9718,005260
2018-03-12,0.9746,005260
2018-03-13,0.9659,005260
2018-03-14,0.9627,005260
2018-03-15,0.9694,005260
2018-03-16,0.9598,005260
2018-03-19,0.965,005260
2018-03-20,0.9662,005260
2018-03-21,0.9613,005260
2018-03-22,0.951,005260
2018-03-23,0.9276,005260
2018-03-26,0.9173,005260
2018-03-27,0.9225,005260
2018-03-28,0.9059,005260
2018-03-29,0.9207,005260
2018-03-30,0.9188,005260
2018-04-02,0.9139,005260
2018-04-03,0.9109,005260
2018-04-04,0.9105,005260
2018-04-09,0.9099,005260
2018-04-10,0.9295,005260
2018-04-11,0.9331,005260
2018-04-12,0.9218,005260
2018-04-13,0.9138,005260
2018-04-16,0.8945,005260
2018-04-17,0.8829,005260
2018-04-18,0.8884,005260
2018-04-19,0.8999,005260
2018-04-20,0.8882,005260
2018-04-23,0.8911,005260
2018-04-24,0.9119,005260
2018-04-25,0.9075,005260
2018-04-26,0.8907,005260
2018-04-27,0.8887,005260
2018-05-02,0.8918,005260
2018-05-03,0.8983,005260
2018-05-04,0.8932,005260
2018-05-07,0.9078,005260
2018-05-08,0.9204,005260
2018-05-09,0.9195,005260
2018-05-10,0.9252,005260
2018-05-11,0.9203,005260
2018-05-14,0.9294,005260
2018-05-15,0.9303,005260
2018-05-16,0.9213,005260
2018-05-17,0.9137,005260
2018-05-18,0.9248,005260
2018-05-21,0.926,005260
2018-05-22,0.9195,005260
2018-05-23,0.9058,005260
2018-05-24,0.8986,005260
2018-05-25,0.8966,005260
2018-05-28,0.9025,005260
2018-05-29,0.8971,005260
2018-05-30,0.8802,005260
2018-05-31,0.9003,005260
2018-06-01,0.8943,005260
2018-06-04,0.909,005260
2018-06-05,0.9177,005260
2018-06-06,0.9162,005260
2018-06-07,0.9182,005260
2018-06-08,0.9073,005260
2018-06-11,0.9086,005260
2018-06-12,0.9239,005260
2018-06-13,0.9172,005260
2018-06-14,0.9137,005260
2018-06-15,0.9127,005260
2018-06-19,0.8875,005260
2018-06-20,0.891,005260
2018-06-21,0.8839,005260
2018-06-22,0.8874,005260
2018-06-25,0.8707,005260
2018-06-26,0.8604,005260
2018-06-27,0.8399,005260
2018-06-28,0.8294,005260
2018-06-29,0.8513,005260
2018-06-30,0.8513,005260
2018-07-02,0.8228,005260
2018-07-03,0.8213,005260
2018-07-04,0.8119,005260
2018-07-05,0.8102,005260
2018-07-06,0.8168,005260
2018-07-09,0.8396,005260
2018-07-10,0.8415,005260
2018-07-11,0.8276,005260
2018-07-12,0.8452,005260
2018-07-13,0.8488,005260
2018-07-16,0.8428,005260
2018-07-17,0.8356,005260
2018-07-18,0.8293,005260
2018-07-19,0.8303,005260
2018-07-20,0.8449,005260
2018-07-23,0.8527,005260
2018-07-24,0.865,005260
2018-07-25,0.8646,005260
2018-07-26,0.8541,005260
2018-07-27,0.8508,005260
2018-07-30,0.8483,005260
2018-07-31,0.8495,005260
2018-08-01,0.836,005260
2018-08-02,0.8241,005260
2018-08-03,0.8149,005260
2018-08-06,0.8094,005260
2018-08-07,0.8217,005260
2018-08-08,0.8149,005260
2018-08-09,0.8265,005260
2018-08-10,0.8272,005260
2018-08-13,0.8263,005260
2018-08-14,0.8228,005260
2018-08-15,0.8109,005260
2018-08-16,0.8075,005260
2018-08-17,0.8033,005260
2018-08-20,0.8068,005260
2018-08-21,0.8114,005260
2018-08-22,0.8095,005260
2018-08-23,0.8108,005260
2018-08-24,0.8111,005260
2018-08-27,0.818,005260
2018-08-28,0.8178,005260
2018-08-29,0.816,005260
2018-08-30,0.8108,005260
2018-08-31,0.8081,005260
2018-09-03,0.8082,005260
2018-09-04,0.8152,005260
2018-09-05,0.8052,005260
2018-09-06,0.8008,005260
2018-09-07,0.8022,005260
2018-09-10,0.7956,005260
2018-09-11,0.7939,005260
2018-09-12,0.7929,005260
2018-09-13,0.7958,005260
2018-09-14,0.7925,005260
2018-09-17,0.7869,005260
2018-09-18,0.7973,005260
2018-09-19,0.8054,005260
2018-09-20,0.8045,005260
2018-09-21,0.8222,005260
2018-09-25,0.8169,005260
2018-09-26,0.8239,005260
2018-09-27,0.8198,005260
2018-09-28,0.8266,005260
2018-10-08,0.7976,005260
2018-10-09,0.7945,005260
2018-10-10,0.7916,005260
2018-10-11,0.7668,005260
2018-10-12,0.7736,005260
2018-10-15,0.7658,005260
2018-10-16,0.761,005260
2018-10-17,0.761,005260
2018-10-18,0.7499,005260
2018-10-19,0.7664,005260
2018-10-22,0.789,005260
2018-10-23,0.7735,005260
2018-10-24,0.7714,005260
2018-10-25,0.7689,005260
2018-10-26,0.7616,005260
2018-10-29,0.7465,005260
2018-10-30,0.7485,005260
2018-10-31,0.754,005260
2018-11-01,0.7545,005260
2018-11-02,0.7742,005260
2018-11-05,0.7716,005260
2018-11-06,0.7697,005260
2018-11-07,0.7678,005260
2018-11-08,0.7629,005260
2018-11-09,0.7585,005260
2018-11-12,0.7707,005260
2018-11-13,0.7773,005260
2018-11-14,0.7744,005260
2018-11-15,0.7804,005260
2018-11-16,0.7805,005260
2018-11-19,0.7812,005260
2018-11-20,0.7672,005260
2018-11-21,0.7682,005260
2018-11-22,0.7668,005260
2018-11-23,0.7503,005260
2018-11-26,0.7495,005260
2018-11-27,0.75,005260
2018-11-28,0.7539,005260
2018-11-29,0.7488,005260
2018-11-30,0.7516,005260
2018-12-03,0.7624,005260
2018-12-04,0.7644,005260
2018-12-05,0.7622,005260
2018-12-06,0.7518,005260
2018-12-07,0.7509,005260
2018-12-10,0.7428,005260
2018-12-11,0.7448,005260
2018-12-12,0.7449,005260
2018-12-13,0.754,005260
2018-12-14,0.7425,005260
2018-12-17,0.7421,005260
2018-12-18,0.737,005260
2018-12-19,0.731,005260
2018-12-20,0.7285,005260
2018-12-21,0.7228,005260
2018-12-24,0.727,005260
2018-12-25,0.7222,005260
2018-12-26,0.7195,005260
2018-12-27,0.7164,005260
2018-12-28,0.7186,005260
2018-12-31,0.7185,005260
2019-01-02,0.7113,005260
2019-01-03,0.7103,005260
2019-01-04,0.7217,005260
2019-01-07,0.7271,005260
2019-01-08,0.7252,005260
2019-01-09,0.7293,005260
2019-01-10,0.7277,005260
2019-01-11,0.7315,005260
2019-01-14,0.7272,005260
2019-01-15,0.7357,005260
2019-01-16,0.7364,005260
2019-01-17,0.7325,005260
2019-01-18,0.7411,005260
2019-01-21,0.7436,005260
2019-01-22,0.736,005260
2019-01-23,0.7361,005260
2019-01-24,0.7403,005260
2019-01-25,0.7423,005260
2019-01-28,0.7404,005260
2019-01-29,0.7401,005260
2019-01-30,0.7373,005260
2019-01-31,0.7396,005260
2019-02-01,0.7489,005260
2019-02-11,0.7585,005260
2019-02-12,0.7616,005260
2019-02-13,0.7714,005260
2019-02-14,0.7718,005260
2019-02-15,0.7607,005260
2019-02-18,0.7772,005260
2019-02-19,0.7756,005260
2019-02-20,0.776,005260
2019-02-21,0.7734,005260
2019-02-22,0.7825,005260
2019-02-25,0.812,005260
2019-02-26,0.8059,005260
2019-02-27,0.8053,005260
2019-02-28,0.809,005260
2019-03-01,0.8182,005260
2019-03-04,0.8248,005260
2019-03-05,0.8302,005260
2019-03-06,0.8336,005260
2019-03-07,0.8295,005260
2019-03-08,0.8083,005260
2019-03-11,0.8228,005260
2019-03-12,0.8293,005260
2019-03-13,0.8231,005260
2019-03-14,0.8172,005260
2019-03-15,0.8251,005260
2019-03-18,0.8415,005260
2019-03-19,0.8398,005260
2019-03-20,0.8399,005260
2019-03-21,0.8392,005260
2019-03-22,0.838,005260
2019-03-25,0.8239,005260
2019-03-26,0.8158,005260
2019-03-27,0.8212,005260
2019-03-28,0.8172,005260
2019-03-29,0.8372,005260
2019-04-01,0.8524,005260
2019-04-02,0.8512,005260
2019-04-03,0.8563,005260
2019-04-04,0.8626,005260
2019-04-08,0.8612,005260
2019-04-09,0.8623,005260
2019-04-10,0.8644,005260
2019-04-11,0.853,005260
2019-04-12,0.8492,005260
2019-04-15,0.8481,005260
2019-04-16,0.8632,005260
2019-04-17,0.8636,005260
2019-04-18,0.8585,005260
2019-04-19,0.866,005260
2019-04-22,0.8479,005260
2019-04-23,0.8459,005260
2019-04-24,0.8486,005260
2019-04-25,0.8354,005260
2019-04-26,0.8255,005260
2019-04-29,0.8307,005260
2019-04-30,0.8331,005260
2019-05-06,0.8001,005260
2019-05-07,0.8062,005260
2019-05-08,0.7993,005260
2019-05-09,0.7878,005260
2019-05-10,0.8076,005260
2019-05-13,0.8,005260
2019-05-14,0.7962,005260
2019-05-15,0.8095,005260
2019-05-16,0.811,005260
2019-05-17,0.7962,005260
2019-05-20,0.7898,005260
2019-05-21,0.7978,005260
2019-05-22,0.7939,005260
2019-05-23,0.7845,005260
2019-05-24,0.7865,005260
2019-05-27,0.7934,005260
2019-05-28,0.7998,005260
2019-05-29,0.797,005260
2019-05-30,0.7923,005260
2019-05-31,0.793,005260
2019-06-03,0.7938,005260
2019-06-04,0.7896,005260
2019-06-05,0.795,005260
2019-06-06,0.7891,005260
2019-06-10,0.7981,005260
2019-06-11,0.8161,005260
2019-06-12,0.8134,005260
2019-06-13,0.8112,005260
2019-06-14,0.807,005260
2019-06-17,0.8065,005260
2019-06-18,0.8089,005260
2019-06-19,0.8195,005260
2019-06-20,0.8421,005260
2019-06-21,0.8454,005260
2019-06-24,0.8458,005260
2019-06-25,0.8397,005260
2019-06-26,0.8397,005260
2019-06-27,0.8505,005260
2019-06-28,0.8494,005260
2019-06-30,0.8493,005260
2019-07-01,0.8663,005260
2019-07-02,0.8687,005260
2019-07-03,0.8606,005260
2019-07-04,0.8584,005260
2019-07-05,0.8612,005260
2019-07-08,0.8448,005260
2019-07-09,0.8445,005260
2019-07-10,0.8423,005260
2019-07-11,0.8433,005260
2019-07-12,0.847,005260
2019-07-15,0.852,005260
2019-07-16,0.8513,005260
2019-07-17,0.8511,005260
2019-07-18,0.8419,005260
2019-07-19,0.8513,005260
2019-07-22,0.8426,005260
2019-07-23,0.8453,005260
2019-07-24,0.8537,005260
2019-07-25,0.8582,005260
2019-07-26,0.8598,005260
2019-07-29,0.8603,005260
2019-07-30,0.8632,005260
2019-07-31,0.8628,005260
2019-08-01,0.8624,005260
2019-08-02,0.8616,005260
2019-08-05,0.8592,005260
2019-08-06,0.8554,005260
2019-08-07,0.8548,005260
2019-08-08,0.8558,005260
2019-08-09,0.8526,005260
2019-08-12,0.8573,005260
2019-08-13,0.8553,005260
2019-08-14,0.8582,005260
2019-08-15,0.8623,005260
2019-08-16,0.8649,005260
2019-08-19,0.8818,005260
2019-08-20,0.8801,005260
2019-08-21,0.8821,005260
2019-08-22,0.8836,005260
2019-08-23,0.8838,005260
2019-08-26,0.8773,005260
2019-08-27,0.8911,005260
2019-08-28,0.8892,005260
2019-08-29,0.89,005260
2019-08-30,0.879,005260
2019-09-02,0.902,005260
2019-09-03,0.9072,005260
2019-09-04,0.9147,005260
2019-09-05,0.9229,005260
2019-09-06,0.9265,005260
2019-09-09,0.9432,005260
2019-09-10,0.942,005260
2019-09-11,0.9376,005260
2019-09-12,0.9414,005260
2019-09-16,0.942,005260
2019-09-17,0.9251,005260
2019-09-18,0.9239,005260
2019-09-19,0.9318,005260
2019-09-20,0.9348,005260
2019-09-23,0.9284,005260
2019-09-24,0.9324,005260
2019-09-25,0.9203,005260
2019-09-26,0.9008,005260
2019-09-27,0.9076,005260
2019-09-30,0.8998,005260
2019-10-08,0.8994,005260
2019-10-09,0.9078,005260
2019-10-10,0.9205,005260
2019-10-11,0.9236,005260
2019-10-14,0.9348,005260
2019-10-15,0.9249,005260
2019-10-16,0.9222,005260
2019-10-17,0.9223,005260
2019-10-18,0.9119,005260
2019-10-21,0.9083,005260
2019-10-22,0.9176,005260
2019-10-23,0.9113,005260
2019-10-24,0.9103,005260
2019-10-25,0.9167,005260
2019-10-28,0.9279,005260
2019-10-29,0.9182,005260
2019-10-30,0.9111,005260
2019-10-31,0.9079,005260
2019-11-01,0.9162,005260
2019-11-04,0.9241,005260
2019-11-05,0.9314,005260
2019-11-06,0.9254,005260
2019-11-07,0.9293,005260
2019-11-08,0.9263,005260
2019-11-11,0.9093,005260
2019-11-12,0.9097,005260
2019-11-13,0.9122,005260
2019-11-14,0.917,005260
2019-11-15,0.912,005260
2019-11-18,0.9166,005260
2019-11-19,0.93,005260
2019-11-20,0.9243,005260
2019-11-21,0.9246,005260
2019-11-22,0.915,005260
2019-11-25,0.9133,005260
2019-11-26,0.9155,005260
2019-11-27,0.9155,005260
2019-11-28,0.9133,005260
2019-11-29,0.9119,005260
2019-12-02,0.913,005260
2019-12-03,0.9189,005260
2019-12-04,0.9168,005260
2019-12-05,0.9251,005260
2019-12-06,0.9316,005260
2019-12-09,0.9331,005260
2019-12-10,0.9374,005260
2019-12-11,0.9362,005260
2019-12-12,0.9333,005260
2019-12-13,0.9459,005260
2019-12-16,0.9573,005260
2019-12-17,0.9672,005260
2019-12-18,0.9632,005260
2019-12-19,0.9637,005260
2019-12-20,0.9579,005260
2019-12-23,0.943,005260
2019-12-24,0.9546,005260
2019-12-25,0.9609,005260
2019-12-26,0.9622,005260
2019-12-27,0.9547,005260
2019-12-30,0.9657,005260
2019-12-31,0.9688,005260
2020-01-02,0.9865,005260
2020-01-03,0.9864,005260
2020-01-06,0.9896,005260
2020-01-07,1.0007,005260
2020-01-08,0.989,005260
2020-01-09,1.0057,005260
2020-01-10,1.0077,005260
2020-01-13,1.0248,005260
2020-01-14,1.0184,005260
2020-01-15,1.0174,005260
2020-01-16,1.0216,005260
2020-01-17,1.0194,005260
2020-01-20,1.0346,005260
2020-01-21,1.0251,005260
2020-01-22,1.0335,005260
2020-01-23,1.0023,005260
2020-02-03,0.9262,005260
2020-02-04,0.9444,005260
2020-02-05,0.9655,005260
2020-02-06,0.9932,005260
2020-02-07,0.9993,005260
2020-02-10,1.0066,005260
2020-02-11,1.0067,005260
2020-02-12,1.0214,005260
2020-02-13,1.0168,005260
2020-02-14,1.0185,005260
2020-02-17,1.0501,005260
2020-02-18,1.0665,005260
2020-02-19,1.0614,005260
2020-02-20,1.0849,005260
2020-02-21,1.0969,005260
2020-02-24,1.1073,005260
2020-02-25,1.1049,005260
2020-02-26,1.0792,005260
2020-02-27,1.0889,005260
2020-02-28,1.0418,005260
2020-03-02,1.077,005260
2020-03-03,1.0856,005260
2020-03-04,1.0868,005260
2020-03-05,1.1006,005260
2020-03-06,1.0923,005260
2020-03-09,1.0472,005260
2020-03-10,1.0749,005260
2020-03-11,1.0608,005260
2020-03-12,1.0403,005260
2020-03-13,1.0347,005260
2020-03-16,0.9869,005260
2020-03-17,0.9871,005260
2020-03-18,0.9745,005260
2020-03-19,0.9793,005260
2020-03-20,0.9902,005260
2020-03-23,0.9475,005260
2020-03-24,0.965,005260
2020-03-25,0.9886,005260
2020-03-26,0.9805,005260
2020-03-27,0.9784,005260
2020-03-30,0.9602,005260
2020-03-31,0.9631,005260
2020-04-01,0.9595,005260
2020-04-02,0.9811,005260
2020-04-03,0.9749,005260
2020-04-07,1.0003,005260
2020-04-08,0.9983,005260
2020-04-09,1.0059,005260
2020-04-10,0.9885,005260
2020-04-13,0.9798,005260
2020-04-14,0.9984,005260
2020-04-15,0.9935,005260
2020-04-16,1.0006,005260
2020-04-17,1.007,005260
2020-04-20,1.0141,005260
2020-04-21,1.0025,005260
2020-04-22,1.0113,005260
2020-04-23,1.0104,005260
2020-04-24,0.9987,005260
2020-04-27,1.0022,005260
2020-04-28,1.0019,005260
2020-04-29,1.0035,005260
2020-04-30,1.0241,005260
2020-05-06,1.0364,005260
2020-05-07,1.0371,005260
2020-05-08,1.048,005260
2020-05-11,1.0455,005260
2020-05-12,1.0494,005260
2020-05-13,1.0561,005260
2020-05-14,1.0472,005260
2020-05-15,1.0474,005260
2020-05-18,1.0467,005260
2020-05-19,1.0595,005260
2020-05-20,1.0483,005260
2020-05-21,1.0373,005260
2020-05-22,1.0194,005260
2020-05-25,1.0212,005260
2020-05-26,1.0402,005260
2020-05-27,1.032,005260
2020-05-28,1.0312,005260
2020-05-29,1.0417,005260
2020-06-01,1.0703,005260
2020-06-02,1.0691,005260
2020-06-03,1.0704,005260
2020-06-04,1.0716,005260
2020-06-05,1.0756,005260
2020-06-08,1.0746,005260
2020-06-09,1.0824,005260
2020-06-10,1.087,005260
2020-06-11,1.083,005260
2020-06-12,1.087,005260
2020-06-15,1.0802,005260
2020-06-16,1.0991,005260
2020-06-17,1.1007,005260
2020-06-18,1.1033,005260
2020-06-19,1.1183,005260
2020-06-22,1.1232,005260
2020-06-23,1.135,005260
2020-06-24,1.1391,005260
2020-06-29,1.1382,005260
2020-06-30,1.16,005260
2020-07-01,1.1633,005260
2020-07-02,1.1724,005260
2020-07-03,1.1838,005260
2020-07-06,1.2212,005260
2020-07-07,1.2426,005260
2020-07-08,1.2606,005260
2020-07-09,1.2927,005260
2020-07-10,1.2929,005260
2020-07-13,1.3292,005260
2020-07-14,1.317,005260
2020-07-15,1.3008,005260
2020-07-16,1.2509,005260
2020-07-17,1.2629,005260
2020-07-20,1.2892,005260
2020-07-21,1.3028,005260
2020-07-22,1.3177,005260
2020-07-23,1.3218,005260
2020-07-24,1.2571,005260
2020-07-27,1.2599,005260
2020-07-28,1.2778,005260
2020-07-29,1.3139,005260
2020-07-30,1.3102,005260
2020-07-31,1.3295,005260
2020-08-03,1.3559,005260
2020-08-04,1.3459,005260
2020-08-05,1.3601,005260
2020-08-06,1.3556,005260
2020-08-07,1.3368,005260
2020-08-10,1.3409,005260
2020-08-11,1.3205,005260
2020-08-12,1.3026,005260
2020-08-13,1.3057,005260
2020-08-14,1.3217,005260
2020-08-17,1.3476,005260
2020-08-18,1.3597,005260
2020-08-19,1.3363,005260
2020-08-20,1.3213,005260
2020-08-21,1.3362,005260
2020-08-24,1.3561,005260
2020-08-25,1.3543,005260
2020-08-26,1.3322,005260
2020-08-27,1.3464,005260
2020-08-28,1.3745,005260
2020-08-31,1.37,005260
2020-09-01,1.3817,005260
2020-09-02,1.3836,005260
2020-09-03,1.3717,005260
2020-09-04,1.361,005260
2020-09-07,1.3269,005260
2020-09-08,1.3289,005260
2020-09-09,1.291,005260
2020-09-10,1.275,005260
2020-09-11,1.2953,005260
2020-09-14,1.3063,005260
2020-09-15,1.3181,005260
2020-09-16,1.3095,005260
2020-09-17,1.3093,005260
2020-09-18,1.3306,005260
2020-09-21,1.3255,005260
2020-09-22,1.3104,005260
2020-09-23,1.3214,005260
2020-09-24,1.2942,005260
2020-09-25,1.2944,005260
2020-09-28,1.2901,005260
2020-09-29,1.2999,005260
2020-09-30,1.2997,005260
2020-10-09,1.332,005260
2020-10-12,1.3671,005260
2020-10-13,1.374,005260
2020-10-14,1.366,005260
2020-10-15,1.3586,005260
2020-10-16,1.3558,005260
2020-10-19,1.3405,005260
2020-10-20,1.3548,005260
2020-10-21,1.3414,005260
2020-10-22,1.3311,005260
2020-10-23,1.304,005260
2020-10-26,1.3058,005260
2020-10-27,1.315,005260
2020-10-28,1.3284,005260
2020-10-29,1.3342,005260
2020-10-30,1.3058,005260
2020-11-02,1.3106,005260
2020-11-03,1.3261,005260
2020-11-04,1.3265,005260
2020-11-05,1.3507,005260
2020-11-06,1.3389,005260
2020-11-09,1.3649,005260
2020-11-10,1.3541,005260
2020-11-11,1.3339,005260
2020-11-12,1.3385,005260
2020-11-13,1.3347,005260
2020-11-16,1.3492,005260
2020-11-17,1.335,005260
2020-11-18,1.3313,005260
2020-11-19,1.3419,005260
2020-11-20,1.3524,005260
2020-11-23,1.362,005260
2020-11-24,1.3584,005260
2020-11-25,1.332,005260
2020-11-26,1.3288,005260
2020-11-27,1.3338,005260
2020-11-30,1.3289,005260
2020-12-01,1.3523,005260
2020-12-02,1.3546,005260
2020-12-03,1.3567,005260
2020-12-04,1.3668,005260
2020-12-07,1.3665,005260
2020-12-08,1.3691,005260
2020-12-09,1.3484,005260
2020-12-10,1.3541,005260
2020-12-11,1.3369,005260
2020-12-14,1.3536,005260
2020-12-15,1.3587,005260
2020-12-16,1.3596,005260
2020-12-17,1.3735,005260
2020-12-18,1.369,005260
2020-12-21,1.392,005260
2020-12-22,1.3638,005260
2020-12-23,1.3751,005260
2020-12-24,1.3631,005260
2020-12-25,1.3788,005260
2020-12-28,1.374,005260
2020-12-29,1.3647,005260
2020-12-30,1.3833,005260
2020-12-31,1.4048,005260
2021-01-04,1.4287,005260
2021-01-05,1.4474,005260
2021-01-06,1.4506,005260
2021-01-07,1.4628,005260
2021-01-08,1.4542,005260
2021-01-11,1.4385,005260
2021-01-12,1.4664,005260
2021-01-13,1.4604,005260
2021-01-14,1.4412,005260
2021-01-15,1.44,005260
2021-01-18,1.4618,005260
2021-01-19,1.4437,005260
2021-01-20,1.467,005260
2021-01-21,1.4901,005260
2021-01-22,1.5039,005260
2021-01-25,1.5118,005260
2021-01-26,1.4806,005260
2021-01-27,1.4859,005260
2021-01-28,1.449,005260
2021-01-29,1.4393,005260
2021-02-01,1.4568,005260
2021-02-02,1.4836,005260
2021-02-03,1.477,005260
2021-02-04,1.4626,005260
2021-02-05,1.4506,005260
2021-02-08,1.4748,005260
2021-02-09,1.5087,005260
2021-02-10,1.5324,005260
2021-02-18,1.5217,005260
2021-02-19,1.5155,005260
2021-02-22,1.4722,005260
2021-02-23,1.4643,005260
2021-02-24,1.4264,005260
2021-02-25,1.4259,005260
2021-02-26,1.3937,005260
2021-03-01,1.4234,005260
2021-03-02,1.4113,005260
2021-03-03,1.4292,005260
2021-03-04,1.3828,005260
2021-03-05,1.3814,005260
2021-03-08,1.3331,005260
2021-03-09,1.3015,005260
2021-03-10,1.312,005260
2021-03-11,1.3428,005260
2021-03-12,1.3466,005260
2021-03-15,1.3188,005260
2021-03-16,1.3289,005260
2021-03-17,1.3435,005260
2021-03-18,1.3599,005260
2021-03-19,1.3356,005260
2021-03-22,1.3529,005260
2021-03-23,1.3385,005260
2021-03-24,1.3144,005260
2021-03-25,1.3233,005260
2021-03-26,1.3559,005260
2021-03-29,1.3602,005260
2021-03-30,1.371,005260
2021-03-31,1.3608,005260
2021-04-01,1.3785,005260
2021-04-02,1.3882,005260
2021-04-06,1.3895,005260
2021-04-07,1.3822,005260
2021-04-08,1.3874,005260
2021-04-09,1.3788,005260
2021-04-12,1.3501,005260
2021-04-13,1.3499,005260
2021-04-14,1.3691,005260
2021-04-15,1.3675,005260
2021-04-16,1.3738,005260
2021-04-19,1.4042,005260
2021-04-20,1.4076,005260
2021-04-21,1.4117,005260
2021-04-22,1.4192,005260
2021-04-23,1.4264,005260
2021-04-26,1.4212,005260
2021-04-27,1.4257,005260
2021-04-28,1.4411,005260
2021-04-29,1.4417,005260
2021-04-30,1.4399,005260
2021-05-06,1.4292,005260
2021-05-07,1.4109,005260
2021-05-10,1.4113,005260
2021-05-11,1.4041,005260
2021-05-12,1.4163,005260
2021-05-13,1.3993,005260
2021-05-14,1.4199,005260
2021-05-17,1.4382,005260
2021-05-18,1.4482,005260
2021-05-19,1.455,005260
2021-05-20,1.4892,005260
2021-05-21,1.5085,005260
2021-05-24,1.5193,005260
2021-05-25,1.5522,005260
2021-05-26,1.549,005260
2021-05-27,1.5681,005260
2021-05-28,1.5723,005260
2021-05-31,1.5967,005260
2021-06-01,1.6061,005260
2021-06-02,1.6032,005260
2021-06-03,1.6,005260
2021-06-04,1.6083,005260
2021-06-07,1.6192,005260
2021-06-08,1.5992,005260
2021-06-09,1.6071,005260
2021-06-10,1.6196,005260
2021-06-11,1.614,005260
2021-06-15,1.6091,005260
2021-06-16,1.5731,005260
2021-06-17,1.5974,005260
2021-06-18,1.6112,005260
2021-06-21,1.6162,005260
2021-06-22,1.6316,005260
2021-06-23,1.6327,005260
2021-06-24,1.62,005260
2021-06-25,1.6533,005260
2021-06-28,1.6741,005260
2021-06-29,1.6707,005260
2021-06-30,1.6867,005260
2021-07-01,1.6752,005260
2021-07-02,1.6485,005260
2021-07-05,1.66,005260
2021-07-06,1.6558,005260
2021-07-07,1.6946,005260
2021-07-08,1.6861,005260
2021-07-09,1.6853,005260
2021-07-12,1.703,005260
2021-07-13,1.7188,005260
2021-07-14,1.7187,005260
2021-07-15,1.7445,005260
2021-07-16,1.7349,005260
2021-07-19,1.7257,005260
2021-07-20,1.726,005260
2021-07-21,1.7444,005260
2021-07-22,1.7601,005260
2021-07-23,1.7333,005260
2021-07-26,1.6958,005260
2021-07-27,1.6486,005260
2021-07-28,1.6384,005260
2021-07-29,1.6891,005260
2021-07-30,1.6745,005260
2021-08-02,1.7093,005260
2021-08-03,1.7043,005260
2021-08-04,1.7355,005260
2021-08-05,1.7291,005260
2021-08-06,1.733,005260
2021-08-09,1.7407,005260
2021-08-10,1.7376,005260
2021-08-11,1.7567,005260
2021-08-12,1.7649,005260
2021-08-13,1.7635,005260
2021-08-16,1.7599,005260
2021-08-17,1.7168,005260
2021-08-18,1.7251,005260
2021-08-19,1.7306,005260
2021-08-20,1.7301,005260
2021-08-23,1.7638,005260
2021-08-24,1.7895,005260
2021-08-25,1.8135,005260
2021-08-26,1.8057,005260
2021-08-27,1.8286,005260
2021-08-30,1.8459,005260
2021-08-31,1.854,005260
2021-09-01,1.819,005260
2021-09-02,1.8424,005260
2021-09-03,1.8249,005260
2021-09-06,1.8508,005260
2021-09-07,1.9021,005260
2021-09-08,1.9141,005260
2021-09-09,1.9348,005260
2021-09-10,1.9306,005260
2021-09-13,1.9493,005260
2021-09-14,1.9322,005260
2021-09-15,1.9439,005260
2021-09-16,1.9171,005260
2021-09-17,1.903,005260
2021-09-22,1.9175,005260
2021-09-23,1.9147,005260
2021-09-24,1.8814,005260
2021-09-27,1.829,005260
2021-09-28,1.8279,005260
2021-09-29,1.7647,005260
2021-09-30,1.8016,005260
2021-10-08,1.7906,005260
2021-10-11,1.7868,005260
2021-10-12,1.746,005260
2021-10-13,1.7565,005260
2021-10-14,1.7618,005260
2021-10-15,1.7706,005260
2021-10-18,1.7781,005260
2021-10-19,1.7895,005260
2021-10-20,1.7854,005260
2021-10-21,1.7852,005260
2021-10-22,1.7704,005260
2021-10-25,1.7828,005260
2021-10-26,1.7748,005260
2021-10-27,1.7604,005260
2021-10-28,1.7264,005260
2021-10-29,1.7451,005260
2021-11-01,1.7431,005260
2021-11-02,1.7193,005260
2021-11-03,1.7148,005260
2021-11-04,1.73,005260
2021-11-05,1.7121,005260
2021-11-08,1.7191,005260
2021-11-09,1.7353,005260
2021-11-10,1.7284,005260
2021-11-11,1.7492,005260
2021-11-12,1.7586,005260
2021-11-15,1.744,005260
2021-11-16,1.7355,005260
2021-11-17,1.7546,005260
2021-11-18,1.7556,005260
2021-11-19,1.7746,005260
2021-11-22,1.7993,005260
2021-11-23,1.7965,005260
2021-11-24,1.796,005260
2021-11-25,1.7939,005260
2021-11-26,1.7909,005260
2021-11-29,1.7986,005260
2021-11-30,1.8028,005260
2021-12-01,1.8052,005260
2021-12-02,1.7929,005260
2021-12-03,1.8039,005260
2021-12-06,1.7833,005260
2021-12-07,1.7635,005260
2021-12-08,1.7954,005260
2021-12-09,1.8003,005260
2021-12-10,1.8049,005260
2021-12-13,1.8087,005260
2021-12-14,1.8013,005260
2021-12-15,1.7932,005260
2021-12-16,1.807,005260
2021-12-17,1.7797,005260
2021-12-20,1.7504,005260
2021-12-21,1.7621,005260
2021-12-22,1.7743,005260
2021-12-23,1.7815,005260
2021-12-24,1.762,005260
2021-12-27,1.7554,005260
2021-12-28,1.7665,005260
2021-12-29,1.7586,005260
2021-12-30,1.7736,005260
2021-12-31,1.7855,005260
2022-01-04,1.7743,005260
2022-01-05,1.7363,005260
2022-01-06,1.7368,005260
2022-01-07,1.7221,005260
2022-01-10,1.7296,005260
2022-01-11,1.7141,005260
2022-01-12,1.7385,005260
2022-01-13,1.7161,005260
2022-01-14,1.7127,005260
2022-01-17,1.7284,005260
2022-01-18,1.7358,005260
2022-01-19,1.7175,005260
2022-01-20,1.6979,005260
2022-01-21,1.6823,005260
2022-01-24,1.6928,005260
2022-01-25,1.6422,005260
2022-01-26,1.651,005260
2022-01-27,1.616,005260
2022-01-28,1.6042,005260
2022-02-07,1.6266,005260
2022-02-08,1.6288,005260
2022-02-09,1.6474,005260
2022-02-10,1.6435,005260
2022-02-11,1.622,005260
2022-02-14,1.613,005260
2022-02-15,1.6324,005260
2022-02-16,1.6417,005260
2022-02-17,1.6483,005260
2022-02-18,1.6551,005260
2022-02-21,1.6626,005260
2022-02-22,1.6495,005260
2022-02-23,1.6806,005260
2022-02-24,1.6558,005260
2022-02-25,1.6684,005260
2022-02-28,1.6807,005260
2022-03-01,1.6858,005260
2022-03-02,1.6801,005260
2022-03-03,1.6744,005260
2022-03-04,1.6587,005260
2022-03-07,1.6241,005260
2022-03-08,1.5743,005260
2022-03-09,1.5522,005260
2022-03-10,1.5838,005260
2022-03-11,1.5926,005260
2022-03-14,1.5552,005260
2022-03-15,1.4789,005260
2022-03-16,1.5238,005260
2022-03-17,1.5493,005260
2022-03-18,1.5615,005260
2022-03-21,1.5704,005260
2022-03-22,1.5692,005260
2022-03-23,1.5789,005260
2022-03-24,1.5681,005260
2022-03-25,1.5495,005260
2022-03-28,1.5453,005260
2022-03-29,1.5398,005260
2022-03-30,1.5665,005260
2022-03-31,1.553,005260
2022-04-01,1.5582,005260
2022-04-06,1.5492,005260
2022-04-07,1.5248,005260
2022-04-08,1.5262,005260
2022-04-11,1.4815,005260
2022-04-12,1.498,005260
2022-04-13,1.4828,005260
2022-04-14,1.4986,005260
2022-04-15,1.4862,005260
2022-04-18,1.4921,005260
2022-04-19,1.4982,005260
2022-04-20,1.4662,005260
2022-04-21,1.4204,005260
2022-04-22,1.4159,005260
2022-04-25,1.3334,005260
2022-04-26,1.3082,005260
2022-04-27,1.3541,005260
2022-04-28,1.358,005260
2022-04-29,1.4006,005260
2022-05-05,1.4139,005260
2022-05-06,1.3874,005260
2022-05-09,1.3895,005260
2022-05-10,1.403,005260
2022-05-11,1.4169,005260
2022-05-12,1.4172,005260
2022-05-13,1.4294,005260
2022-05-16,1.4277,005260
2022-05-17,1.4372,005260
2022-05-18,1.4312,005260
2022-05-19,1.4395,005260
2022-05-20,1.4613,005260
2022-05-23,1.4709,005260
2022-05-24,1.4274,005260
2022-05-25,1.4464,005260
2022-05-26,1.4568,005260
2022-05-27,1.4556,005260
2022-05-30,1.469,005260
2022-05-31,1.4861,005260
2022-06-01,1.4858,005260
2022-06-02,1.4983,005260
2022-06-06,1.5319,005260
2022-06-07,1.534,005260
2022-06-08,1.5395,005260
2022-06-09,1.5191,005260
2022-06-10,1.5493,005260
2022-06-13,1.555,005260
2022-06-14,1.5558,005260
2022-06-15,1.5556,005260
2022-06-16,1.5563,005260
2022-06-17,1.5741,005260
2022-06-20,1.583,005260
2022-06-21,1.5676,005260
2022-06-22,1.5464,005260
2022-06-23,1.5746,005260
2022-06-24,1.5957,005260
2022-06-27,1.6125,005260
2022-06-28,1.6349,005260
2022-06-29,1.5999,005260
2022-06-30,1.6267,005260
2022-07-01,1.6258,005260
2022-07-04,1.644,005260
2022-07-05,1.6432,005260
2022-07-06,1.6207,005260
2022-07-07,1.6313,005260
2022-07-08,1.6185,005260
2022-07-11,1.5904,005260
2022-07-12,1.5667,005260
2022-07-13,1.5721,005260
2022-07-14,1.5871,005260
2022-07-15,1.5707,005260
2022-07-18,1.5861,005260
2022-07-19,1.5935,005260
2022-07-20,1.6116,005260
2022-07-21,1.5994,005260
2022-07-22,1.5895,005260
2022-07-25,1.5787,005260
2022-07-26,1.5961,005260
2022-07-27,1.5988,005260
2022-07-28,1.6051,005260
2022-07-29,1.5878,005260
2022-08-01,1.6038,005260
2022-08-02,1.5667,005260
2022-08-03,1.5558,005260
2022-08-04,1.5649,005260
2022-08-05,1.5899,005260
2022-08-08,1.6037,005260
2022-08-09,1.6122,005260
2022-08-10,1.6068,005260
2022-08-11,1.6299,005260
2022-08-12,1.6244,005260
2022-08-15,1.6323,005260
2022-08-16,1.635,005260
2022-08-17,1.6381,005260
2022-08-18,1.6374,005260
2022-08-19,1.6204,005260
2022-08-22,1.6431,005260
2022-08-23,1.6414,005260
2022-08-24,1.5949,005260
2022-08-25,1.6002,005260
2022-08-26,1.592,005260
2022-08-29,1.5942,005260
2022-08-30,1.5835,005260
2022-08-31,1.5488,005260
2022-09-01,1.5439,005260
2022-09-02,1.5457,005260
2022-09-05,1.5521,005260
2022-09-06,1.58,005260
2022-09-07,1.5871,005260
2022-09-08,1.5792,005260
2022-09-09,1.5849,005260
2022-09-13,1.5845,005260
2022-09-14,1.5715,005260
2022-09-15,1.5313,005260
2022-09-16,1.5017,005260
2022-09-19,1.4906,005260
2022-09-20,1.5078,005260
2022-09-21,1.506,005260
2022-09-22,1.5056,005260
2022-09-23,1.4844,005260
2022-09-26,1.4749,005260
2022-09-27,1.4973,005260
2022-09-28,1.4581,005260
2022-09-29,1.4675,005260
2022-09-30,1.4457,005260
2022-10-10,1.422,005260
2022-10-11,1.4329,005260
2022-10-12,1.4641,005260
2022-10-13,1.471,005260
2022-10-14,1.5077,005260
2022-10-17,1.513,005260
2022-10-18,1.5196,005260
2022-10-19,1.5081,005260
2022-10-20,1.4961,005260
2022-10-21,1.4943,005260
2022-10-24,1.4827,005260
2022-10-25,1.4802,005260
2022-10-26,1.5038,005260
2022-10-27,1.4909,005260
2022-10-28,1.4455,005260
2022-10-31,1.4426,005260
2022-11-01,1.4747,005260
2022-11-02,1.4911,005260
2022-11-03,1.5015,005260
2022-11-04,1.5334,005260
2022-11-07,1.5344,005260
2022-11-08,1.5269,005260
2022-11-09,1.522,005260
2022-11-10,1.5051,005260
2022-11-11,1.5203,005260
2022-11-14,1.5105,005260
2022-11-15,1.5361,005260
2022-11-16,1.5256,005260
2022-11-17,1.5274,005260
2022-11-18,1.5217,005260
2022-11-21,1.5217,005260
2022-11-22,1.5065,005260
2022-11-23,1.5097,005260
2022-11-24,1.5144,005260
2022-11-25,1.5007,005260
2022-11-28,1.4918,005260
2022-11-29,1.509,005260
2022-11-30,1.5064,005260
2022-12-01,1.5179,005260
2022-12-02,1.5128,005260
2022-12-05,1.5212,005260
2022-12-06,1.5226,005260
2022-12-07,1.5221,005260
2022-12-08,1.5196,005260
2022-12-09,1.5189,005260
2022-12-12,1.5109,005260
2022-12-13,1.5068,005260
2022-12-14,1.5044,005260
2022-12-15,1.5043,005260
2022-12-16,1.5019,005260
2022-12-19,1.4725,005260
2022-12-20,1.4594,005260
2022-12-21,1.4567,005260
2022-12-22,1.4479,005260
2022-12-23,1.4444,005260
2022-12-26,1.4519,005260
2022-12-27,1.4644,005260
2022-12-28,1.4591,005260
2022-12-29,1.4574,005260
2022-12-30,1.4643,005260
2022-12-31,1.4643,005260
2023-01-03,1.4796,005260
2023-01-04,1.4872,005260
2023-01-05,1.4999,005260
2023-01-06,1.5006,005260
2023-01-09,1.5068,005260
2023-01-10,1.5073,005260
2023-01-11,1.4997,005260
2023-01-12,1.4986,005260
2023-01-13,1.5104,005260
2023-01-16,1.5222,005260
2023-01-17,1.5244,005260
2023-01-18,1.5272,005260
2023-01-19,1.5355,005260
2023-01-20,1.5447,005260
2023-01-30,1.5518,005260
2023-01-31,1.5522,005260
2023-02-01,1.567,005260
2023-02-02,1.5707,005260
2023-02-03,1.5637,005260
2023-02-06,1.5558,005260
2023-02-07,1.5615,005260
2023-02-08,1.5539,005260
2023-02-09,1.5753,005260
2023-02-10,1.5734,005260
2023-02-13,1.5882,005260
2023-02-14,1.59,005260
2023-02-15,1.5889,005260
2023-02-16,1.5642,005260
2023-02-17,1.554,005260
2023-02-20,1.5754,005260
2023-02-21,1.5835,005260
2023-02-22,1.5828,005260
2023-02-23,1.5821,005260
2023-02-24,1.5773,005260
2023-02-27,1.571,005260
2023-02-28,1.5831,005260
2023-03-01,1.5882,005260
2023-03-02,1.5823,005260
2023-03-03,1.5805,005260
2023-03-06,1.5871,005260
2023-03-07,1.5613,005260
2023-03-08,1.5666,005260
2023-03-09,1.5664,005260
2023-03-10,1.5475,005260
2023-03-13,1.557,005260
2023-03-14,1.5408,005260
2023-03-15,1.5486,005260
2023-03-16,1.5304,005260
2023-03-17,1.534,005260
2023-03-20,1.5288,005260
2023-03-21,1.5486,005260
2023-03-22,1.555,005260
2023-03-23,1.561,005260
2023-03-24,1.5573,005260
2023-03-27,1.5563,005260
2023-03-28,1.5525,005260
2023-03-29,1.5517,005260
2023-03-30,1.5585,005260
2023-03-31,1.5714,005260
2023-04-03,1.5786,005260
2023-04-04,1.5785,005260
2023-04-06,1.5782,005260
2023-04-07,1.5877,005260
2023-04-10,1.5799,005260
2023-04-11,1.5811,005260
2023-04-12,1.5813,005260
2023-04-13,1.5764,005260
2023-04-14,1.5805,005260
2023-04-17,1.5931,005260
2023-04-18,1.5914,005260
2023-04-19,1.5858,005260
2023-04-20,1.581,005260
2023-04-21,1.5495,005260
2023-04-24,1.5392,005260
2023-04-25,1.5215,005260
2023-04-26,1.5303,005260
2023-04-27,1.5371,005260
2023-04-28,1.552,005260
2023-05-04,1.5528,005260
2023-05-05,1.541,005260
2023-05-08,1.5511,005260
2023-05-09,1.5371,005260
2023-05-10,1.5357,005260
2023-05-11,1.5329,005260
2023-05-12,1.5192,005260
2023-05-15,1.5302,005260
2023-05-16,1.5225,005260
2023-05-17,1.5244,005260
2023-05-18,1.5251,005260
2023-05-19,1.5268,005260
2023-05-22,1.5328,005260
2023-05-23,1.5185,005260
2023-05-24,1.5085,005260
2023-05-25,1.5033,005260
2023-05-26,1.5145,005260
2023-05-29,1.511,005260
2023-05-30,1.5144,005260
2023-05-31,1.5104,005260
2023-06-01,1.5106,005260
2023-06-02,1.5193,005260
2023-06-05,1.5169,005260
2023-06-06,1.4903,005260
2023-06-07,1.4913,005260
2023-06-08,1.4866,005260
2023-06-09,1.4941,005260
2023-06-12,1.5017,005260
2023-06-13,1.5034,005260
2023-06-14,1.5061,005260
2023-06-15,1.5197,005260
2023-06-16,1.5272,005260
2023-06-19,1.5234,005260
2023-06-20,1.5212,005260
2023-06-21,1.5009,005260
2023-06-26,1.4779,005260
2023-06-27,1.5001,005260
2023-06-28,1.501,005260
2023-06-29,1.5064,005260
2023-06-30,1.519,005260
2023-07-03,1.5291,005260
2023-07-04,1.5284,005260
2023-07-05,1.5163,005260
2023-07-06,1.5096,005260
2023-07-07,1.5058,005260
2023-07-10,1.5079,005260
2023-07-11,1.5182,005260
2023-07-12,1.5024,005260
2023-07-13,1.5165,005260
2023-07-14,1.5133,005260
2023-07-17,1.5105,005260
2023-07-18,1.509,005260
2023-07-19,1.5079,005260
2023-07-20,1.4934,005260
2023-07-21,1.4929,005260
2023-07-24,1.4943,005260
2023-07-25,1.5123,005260
2023-07-26,1.5056,005260
2023-07-27,1.5015,005260
2023-07-28,1.5114,005260
2023-07-31,1.5162,005260
2023-08-01,1.514,005260
2023-08-02,1.5104,005260
2023-08-03,1.5162,005260
2023-08-04,1.5194,005260
