date,close,code
2023-03-14,1.0,017952
2023-07-28,1.0628,017952
